1.641965789794921875e+02
1.638802795410156250e+02
1.640149078369140625e+02
1.656786193847656250e+02
1.642887725830078125e+02
1.666014862060546875e+02
1.675502777099609375e+02
1.683376312255859375e+02
1.684175720214843750e+02
1.697457122802734375e+02
1.738582305908203125e+02
1.733638763427734375e+02
1.749929046630859375e+02
1.778123626708984375e+02
1.756890563964843750e+02
1.786900787353515625e+02
1.779706420898437500e+02
1.752559051513671875e+02
1.764747161865234375e+02
1.788921356201171875e+02
1.768975830078125000e+02
1.747599334716796875e+02
1.771369476318359375e+02
1.786189270019531250e+02
1.770255279541015625e+02
1.742308654785156250e+02
1.770342712402343750e+02
1.772670745849609375e+02
1.758652496337890625e+02
1.790439605712890625e+02
1.761804351806640625e+02
1.792491607666015625e+02
1.762248840332031250e+02
1.783799285888671875e+02
1.750518035888671875e+02
1.752458496093750000e+02
1.749409027099609375e+02
1.768353118896484375e+02
1.788318634033203125e+02
1.766435699462890625e+02
1.801896820068359375e+02
1.800120086669921875e+02
1.771938629150390625e+02
1.791064605712890625e+02
1.804822387695312500e+02
1.808955078125000000e+02
1.827542724609375000e+02
1.837142028808593750e+02
1.840666198730468750e+02
1.847463073730468750e+02
1.853938903808593750e+02
1.911545104980468750e+02
1.887781677246093750e+02
1.890803375244140625e+02
1.915524139404296875e+02
1.928773956298828125e+02
1.921029663085937500e+02
1.939302673339843750e+02
1.905919189453125000e+02
1.920509796142578125e+02
1.890406188964843750e+02
1.860556793212890625e+02
1.833377838134765625e+02
1.840012664794921875e+02
1.832307586669921875e+02
1.821349029541015625e+02
1.787255249023437500e+02
1.768004913330078125e+02
1.787861480712890625e+02
1.822442169189453125e+02
1.802281646728515625e+02
1.780993194580078125e+02
1.796150817871093750e+02
1.805777130126953125e+02
1.791227569580078125e+02
1.837055969238281250e+02
1.805427398681640625e+02
1.789597015380859375e+02
1.809996795654296875e+02
1.801918182373046875e+02
1.819175262451171875e+02
1.816144561767578125e+02
1.826064758300781250e+02
1.802168579101562500e+02
1.819217071533203125e+02
1.847840270996093750e+02
1.856960601806640625e+02
1.860482025146484375e+02
1.874209899902343750e+02
1.886925659179687500e+02
1.939135437011718750e+02
1.941287994384765625e+02
1.934500274658203125e+02
2.001849060058593750e+02
2.045030364990234375e+02
2.079141998291015625e+02
2.102821655273437500e+02
2.113692321777343750e+02
2.200318756103515625e+02
2.240349273681640625e+02
2.328054046630859375e+02
2.281282501220703125e+02
2.383041839599609375e+02
2.374495697021484375e+02
2.414293975830078125e+02
2.443406982421875000e+02
2.445751953125000000e+02
2.438498840332031250e+02
2.466656951904296875e+02
2.489703521728515625e+02
2.464966430664062500e+02
2.483909912109375000e+02
2.492746124267578125e+02
2.503343963623046875e+02
2.474984741210937500e+02
2.459146118164062500e+02
2.447765502929687500e+02
2.484632110595703125e+02
2.491290588378906250e+02
2.496824035644531250e+02
2.485115356445312500e+02
2.510283813476562500e+02
2.549999542236328125e+02
2.548720397949218750e+02
2.522865295410156250e+02
2.548719940185546875e+02
2.550000000000000000e+02
2.510284118652343750e+02
2.485115203857421875e+02
2.496823272705078125e+02
2.491291351318359375e+02
2.484631195068359375e+02
2.447767181396484375e+02
2.459146575927734375e+02
2.474984283447265625e+02
2.503344421386718750e+02
2.492747192382812500e+02
2.483909454345703125e+02
2.464966583251953125e+02
2.489703979492187500e+02
2.466655731201171875e+02
2.438499145507812500e+02
2.445752868652343750e+02
2.443407897949218750e+02
2.414293975830078125e+02
2.374494323730468750e+02
2.383041839599609375e+02
2.281281890869140625e+02
2.328051147460937500e+02
2.240348358154296875e+02
2.200317993164062500e+02
2.113692474365234375e+02
2.102820892333984375e+02
2.079140319824218750e+02
2.045030212402343750e+02
2.001848907470703125e+02
1.934500274658203125e+02
1.941289062500000000e+02
1.939135131835937500e+02
1.886925354003906250e+02
1.874208526611328125e+02
1.860481414794921875e+02
1.856961364746093750e+02
1.847839965820312500e+02
1.819217681884765625e+02
1.802168884277343750e+02
1.826064605712890625e+02
1.816144561767578125e+02
1.819175872802734375e+02
1.801916656494140625e+02
1.809997406005859375e+02
1.789597473144531250e+02
1.805427856445312500e+02
1.837055664062500000e+02
1.791227569580078125e+02
1.805777740478515625e+02
1.796150665283203125e+02
1.780994262695312500e+02
1.802282409667968750e+02
1.822442016601562500e+02
1.787861328125000000e+02
1.768004760742187500e+02
1.787255706787109375e+02
1.821349182128906250e+02
1.832307434082031250e+02
1.840012359619140625e+02
1.833377990722656250e+02
1.860555877685546875e+02
1.890405883789062500e+02
1.920508880615234375e+02
1.905918579101562500e+02
1.939302215576171875e+02
1.921029510498046875e+02
1.928774719238281250e+02
1.915523681640625000e+02
1.890804901123046875e+02
1.887781829833984375e+02
1.911545562744140625e+02
1.853939361572265625e+02
1.847463836669921875e+02
1.840666809082031250e+02
1.837141876220703125e+02
1.827543029785156250e+02
1.808955078125000000e+02
1.804822692871093750e+02
1.791063385009765625e+02
1.771939239501953125e+02
1.800120239257812500e+02
1.801896667480468750e+02
1.766435241699218750e+02
1.788318786621093750e+02
1.768352661132812500e+02
1.749409790039062500e+02
1.752458496093750000e+02
1.750517578125000000e+02
1.783799438476562500e+02
1.762247619628906250e+02
1.792492065429687500e+02
1.761802673339843750e+02
1.790438690185546875e+02
1.758652648925781250e+02
1.772671356201171875e+02
1.770342712402343750e+02
1.742309265136718750e+02
1.770254669189453125e+02
1.786189117431640625e+02
1.771369171142578125e+02
1.747599182128906250e+02
1.768976593017578125e+02
1.788921813964843750e+02
1.764747619628906250e+02
1.752559204101562500e+02
1.779706726074218750e+02
1.786900482177734375e+02
1.756890869140625000e+02
1.778122863769531250e+02
1.749927215576171875e+02
1.733639068603515625e+02
1.738582305908203125e+02
1.697456512451171875e+02
1.684176635742187500e+02
1.683376007080078125e+02
1.675502929687500000e+02
1.666014404296875000e+02
1.642887420654296875e+02
1.656786499023437500e+02
1.640148773193359375e+02
1.638802642822265625e+02
1.641966400146484375e+02
