1.643344879150390625e+02
1.634477539062500000e+02
1.665697174072265625e+02
1.694199981689453125e+02
1.690185699462890625e+02
1.697828521728515625e+02
1.725330047607421875e+02
1.725072937011718750e+02
1.676008453369140625e+02
1.650137329101562500e+02
1.637311401367187500e+02
1.622353820800781250e+02
1.643704528808593750e+02
1.636162414550781250e+02
1.646701354980468750e+02
1.673409576416015625e+02
1.678166961669921875e+02
1.734319763183593750e+02
1.761799774169921875e+02
1.757438354492187500e+02
1.806328887939453125e+02
1.768286590576171875e+02
1.758774414062500000e+02
1.741105041503906250e+02
1.756426086425781250e+02
1.763267822265625000e+02
1.719811859130859375e+02
1.717883605957031250e+02
1.681174316406250000e+02
1.659673767089843750e+02
1.673615570068359375e+02
1.700045623779296875e+02
1.735191192626953125e+02
1.779483184814453125e+02
1.810899963378906250e+02
1.867491760253906250e+02
1.880314025878906250e+02
1.949372406005859375e+02
1.948347167968750000e+02
1.906793975830078125e+02
1.915240936279296875e+02
1.957387542724609375e+02
1.878860626220703125e+02
1.872837829589843750e+02
1.883716583251953125e+02
1.865548858642578125e+02
1.863623657226562500e+02
1.853895568847656250e+02
1.856042480468750000e+02
1.876237640380859375e+02
1.858682098388671875e+02
1.876536712646484375e+02
1.917170562744140625e+02
1.932129364013671875e+02
1.965519714355468750e+02
2.003173980712890625e+02
2.005638580322265625e+02
2.003009643554687500e+02
2.092352142333984375e+02
2.156714324951171875e+02
2.202174835205078125e+02
2.333760833740234375e+02
2.345005798339843750e+02
2.422782135009765625e+02
2.509284362792968750e+02
2.502269134521484375e+02
2.484826965332031250e+02
2.516117401123046875e+02
2.487967376708984375e+02
2.549998931884765625e+02
2.526246948242187500e+02
2.483210906982421875e+02
2.537331848144531250e+02
2.537305450439453125e+02
2.537331237792968750e+02
2.483210601806640625e+02
2.526245727539062500e+02
2.550000000000000000e+02
2.487967071533203125e+02
2.516118316650390625e+02
2.484826202392578125e+02
2.502268524169921875e+02
2.509285583496093750e+02
2.422781066894531250e+02
2.345005950927734375e+02
2.333762207031250000e+02
2.202174987792968750e+02
2.156713256835937500e+02
2.092351531982421875e+02
2.003009643554687500e+02
2.005639343261718750e+02
2.003173522949218750e+02
1.965519866943359375e+02
1.932129364013671875e+02
1.917171325683593750e+02
1.876536102294921875e+02
1.858682556152343750e+02
1.876236419677734375e+02
1.856042633056640625e+02
1.853895263671875000e+02
1.863624877929687500e+02
1.865547027587890625e+02
1.883717346191406250e+02
1.872837371826171875e+02
1.878860626220703125e+02
1.957386322021484375e+02
1.915240936279296875e+02
1.906793518066406250e+02
1.948347930908203125e+02
1.949373016357421875e+02
1.880314483642578125e+02
1.867492675781250000e+02
1.810900421142578125e+02
1.779483337402343750e+02
1.735191497802734375e+02
1.700046081542968750e+02
1.673614959716796875e+02
1.659673156738281250e+02
1.681174011230468750e+02
1.717883453369140625e+02
1.719812774658203125e+02
1.763267669677734375e+02
1.756425628662109375e+02
1.741104736328125000e+02
1.758774719238281250e+02
1.768286590576171875e+02
1.806328277587890625e+02
1.757438049316406250e+02
1.761799774169921875e+02
1.734319152832031250e+02
1.678166503906250000e+02
1.673409271240234375e+02
1.646701049804687500e+02
1.636162109375000000e+02
1.643704681396484375e+02
1.622353973388671875e+02
1.637312164306640625e+02
1.650136718750000000e+02
1.676008605957031250e+02
1.725072631835937500e+02
1.725330352783203125e+02
1.697828674316406250e+02
1.690185699462890625e+02
1.694199066162109375e+02
1.665697631835937500e+02
1.634476928710937500e+02
