1.812057037353515625e+02
1.756454162597656250e+02
1.775329284667968750e+02
1.759393310546875000e+02
1.768929443359375000e+02
1.753041534423828125e+02
1.780320129394531250e+02
1.801994171142578125e+02
1.760655517578125000e+02
1.775667724609375000e+02
1.792559356689453125e+02
1.792316436767578125e+02
1.789745178222656250e+02
1.811103210449218750e+02
1.823345489501953125e+02
1.782140350341796875e+02
1.801488189697265625e+02
1.830687103271484375e+02
1.811559143066406250e+02
1.843779296875000000e+02
1.810367736816406250e+02
1.817369537353515625e+02
1.844682159423828125e+02
1.805119781494140625e+02
1.818216247558593750e+02
1.851947479248046875e+02
1.818560943603515625e+02
1.842442779541015625e+02
1.842586975097656250e+02
1.844372100830078125e+02
1.845041046142578125e+02
1.840818481445312500e+02
1.808629455566406250e+02
1.852327117919921875e+02
1.860748291015625000e+02
1.870184478759765625e+02
1.868853607177734375e+02
1.870539093017578125e+02
1.890455322265625000e+02
1.872785949707031250e+02
1.897399444580078125e+02
1.851986236572265625e+02
1.892464599609375000e+02
1.895708770751953125e+02
1.915330963134765625e+02
1.895490264892578125e+02
1.893379974365234375e+02
1.875374298095703125e+02
1.940223388671875000e+02
1.908973846435546875e+02
1.909115753173828125e+02
1.914115905761718750e+02
1.895091094970703125e+02
1.912830505371093750e+02
1.917083587646484375e+02
1.941818542480468750e+02
1.941283721923828125e+02
1.948584594726562500e+02
1.972329711914062500e+02
1.961507873535156250e+02
1.982470397949218750e+02
1.932857360839843750e+02
1.972072601318359375e+02
1.953814697265625000e+02
1.996098327636718750e+02
1.965644226074218750e+02
1.975499420166015625e+02
1.999273681640625000e+02
2.006576385498046875e+02
1.999628906250000000e+02
2.030941162109375000e+02
2.023135986328125000e+02
2.024455108642578125e+02
2.030282592773437500e+02
2.054501342773437500e+02
2.045971374511718750e+02
2.073243713378906250e+02
2.070789337158203125e+02
2.099802093505859375e+02
2.100854034423828125e+02
2.120146789550781250e+02
2.109164886474609375e+02
2.150129852294921875e+02
2.147707061767578125e+02
2.196645660400390625e+02
2.197964935302734375e+02
2.228960723876953125e+02
2.240412902832031250e+02
2.257872314453125000e+02
2.269293060302734375e+02
2.289054107666015625e+02
2.298194122314453125e+02
2.339877319335937500e+02
2.338563079833984375e+02
2.309557495117187500e+02
2.317220153808593750e+02
2.324011077880859375e+02
2.347763977050781250e+02
2.358853912353515625e+02
2.357210845947265625e+02
2.336051635742187500e+02
2.377470703125000000e+02
2.344590301513671875e+02
2.363460235595703125e+02
2.324935150146484375e+02
2.389261016845703125e+02
2.405683746337890625e+02
2.452225341796875000e+02
2.365727539062500000e+02
2.439944152832031250e+02
2.364518432617187500e+02
2.391773681640625000e+02
2.550000000000000000e+02
2.391772766113281250e+02
2.364518585205078125e+02
2.439943695068359375e+02
2.365728302001953125e+02
2.452225799560546875e+02
2.405684509277343750e+02
2.389260864257812500e+02
2.324936065673828125e+02
2.363460083007812500e+02
2.344590911865234375e+02
2.377471008300781250e+02
2.336052246093750000e+02
2.357210388183593750e+02
2.358853607177734375e+02
2.347763671875000000e+02
2.324011230468750000e+02
2.317220306396484375e+02
2.309557495117187500e+02
2.338562622070312500e+02
2.339877929687500000e+02
2.298193817138671875e+02
2.289053955078125000e+02
2.269292449951171875e+02
2.257872619628906250e+02
2.240412902832031250e+02
2.228959960937500000e+02
2.197964324951171875e+02
2.196644897460937500e+02
2.147707519531250000e+02
2.150131225585937500e+02
2.109164276123046875e+02
2.120145874023437500e+02
2.100854644775390625e+02
2.099802093505859375e+02
2.070789642333984375e+02
2.073243560791015625e+02
2.045971984863281250e+02
2.054500885009765625e+02
2.030282440185546875e+02
2.024454650878906250e+02
2.023135986328125000e+02
2.030941009521484375e+02
1.999627990722656250e+02
2.006576080322265625e+02
1.999273223876953125e+02
1.975499267578125000e+02
1.965644226074218750e+02
1.996098632812500000e+02
1.953815002441406250e+02
1.972072448730468750e+02
1.932857513427734375e+02
1.982470550537109375e+02
1.961509094238281250e+02
1.972329101562500000e+02
1.948584747314453125e+02
1.941284942626953125e+02
1.941818389892578125e+02
1.917082519531250000e+02
1.912830657958984375e+02
1.895091552734375000e+02
1.914115600585937500e+02
1.909116516113281250e+02
1.908974151611328125e+02
1.940222778320312500e+02
1.875373840332031250e+02
1.893378906250000000e+02
1.895490112304687500e+02
1.915330352783203125e+02
1.895708312988281250e+02
1.892463378906250000e+02
1.851986236572265625e+02
1.897399139404296875e+02
1.872785797119140625e+02
1.890455169677734375e+02
1.870538482666015625e+02
1.868854827880859375e+02
1.870184936523437500e+02
1.860747528076171875e+02
1.852327423095703125e+02
1.808630065917968750e+02
1.840818634033203125e+02
1.845040893554687500e+02
1.844372100830078125e+02
1.842586212158203125e+02
1.842443084716796875e+02
1.818560485839843750e+02
1.851947479248046875e+02
1.818216400146484375e+02
1.805118865966796875e+02
1.844682159423828125e+02
1.817369842529296875e+02
1.810367431640625000e+02
1.843780059814453125e+02
1.811559753417968750e+02
1.830686645507812500e+02
1.801488952636718750e+02
1.782140655517578125e+02
1.823345489501953125e+02
1.811103515625000000e+02
1.789744567871093750e+02
1.792315826416015625e+02
1.792559204101562500e+02
1.775668029785156250e+02
1.760655364990234375e+02
1.801993713378906250e+02
1.780320739746093750e+02
1.753041381835937500e+02
1.768929138183593750e+02
1.759392852783203125e+02
1.775328979492187500e+02
1.756454162597656250e+02
1.812057342529296875e+02
