1.602000427246093750e+02
1.630132598876953125e+02
1.600073852539062500e+02
1.627345886230468750e+02
1.656618804931640625e+02
1.597789459228515625e+02
1.716153106689453125e+02
1.670343017578125000e+02
1.674710845947265625e+02
1.684856567382812500e+02
1.730630187988281250e+02
1.699499969482421875e+02
1.695625457763671875e+02
1.714420623779296875e+02
1.693482971191406250e+02
1.685643615722656250e+02
1.677475280761718750e+02
1.657907867431640625e+02
1.683752136230468750e+02
1.704257354736328125e+02
1.726333160400390625e+02
1.773917083740234375e+02
1.813295898437500000e+02
1.803173217773437500e+02
1.814678497314453125e+02
1.851362152099609375e+02
1.918624267578125000e+02
1.867785491943359375e+02
1.881837463378906250e+02
1.882634887695312500e+02
1.873439636230468750e+02
1.864215393066406250e+02
1.888562316894531250e+02
1.874284210205078125e+02
1.870154418945312500e+02
1.826228485107421875e+02
1.865593109130859375e+02
1.855426025390625000e+02
1.932561492919921875e+02
1.901950073242187500e+02
1.929099273681640625e+02
1.987461700439453125e+02
2.025753326416015625e+02
2.091435546875000000e+02
2.177349090576171875e+02
2.214752960205078125e+02
2.312779998779296875e+02
2.287373352050781250e+02
2.356739807128906250e+02
2.420383911132812500e+02
2.481693725585937500e+02
2.471758117675781250e+02
2.445930633544921875e+02
2.482913818359375000e+02
2.493263092041015625e+02
2.547609405517578125e+02
2.550000000000000000e+02
2.547607879638671875e+02
2.493262634277343750e+02
2.482914276123046875e+02
2.445930480957031250e+02
2.471758270263671875e+02
2.481694488525390625e+02
2.420382995605468750e+02
2.356739654541015625e+02
2.287374114990234375e+02
2.312779693603515625e+02
2.214753417968750000e+02
2.177349700927734375e+02
2.091435241699218750e+02
2.025754241943359375e+02
1.987462310791015625e+02
1.929099121093750000e+02
1.901949462890625000e+02
1.932561340332031250e+02
1.855426025390625000e+02
1.865592498779296875e+02
1.826227874755859375e+02
1.870154113769531250e+02
1.874285278320312500e+02
1.888561401367187500e+02
1.864215393066406250e+02
1.873439483642578125e+02
1.882633972167968750e+02
1.881836853027343750e+02
1.867784729003906250e+02
1.918625030517578125e+02
1.851361846923828125e+02
1.814678192138671875e+02
1.803173828125000000e+02
1.813296508789062500e+02
1.773917083740234375e+02
1.726333770751953125e+02
1.704257812500000000e+02
1.683751983642578125e+02
1.657907562255859375e+02
1.677475433349609375e+02
1.685643768310546875e+02
1.693482360839843750e+02
1.714420623779296875e+02
1.695626068115234375e+02
1.699499664306640625e+02
1.730629882812500000e+02
1.684856414794921875e+02
1.674711608886718750e+02
1.670342864990234375e+02
1.716152954101562500e+02
1.597789764404296875e+02
1.656618804931640625e+02
1.627345733642578125e+02
1.600074157714843750e+02
1.630132751464843750e+02
