2.003069000244140625e+02
2.046844024658203125e+02
2.029148101806640625e+02
2.017985076904296875e+02
2.025680084228515625e+02
2.032803955078125000e+02
2.017899475097656250e+02
2.018782043457031250e+02
2.038671112060546875e+02
2.032304229736328125e+02
2.050994873046875000e+02
2.023509521484375000e+02
2.048729705810546875e+02
2.057583618164062500e+02
2.050001220703125000e+02
2.057081604003906250e+02
2.028390960693359375e+02
2.069132690429687500e+02
2.012280120849609375e+02
2.057720947265625000e+02
2.018640136718750000e+02
2.061479949951171875e+02
2.052566375732421875e+02
2.051227416992187500e+02
2.053421936035156250e+02
2.060370025634765625e+02
2.058629150390625000e+02
2.028107147216796875e+02
2.063679809570312500e+02
2.033840332031250000e+02
2.080417327880859375e+02
2.063477630615234375e+02
2.075468902587890625e+02
2.042693634033203125e+02
2.086296844482421875e+02
2.088885345458984375e+02
2.055521545410156250e+02
2.063235778808593750e+02
2.082233428955078125e+02
2.058352661132812500e+02
2.088552703857421875e+02
2.072598876953125000e+02
2.100309600830078125e+02
2.114664459228515625e+02
2.091389160156250000e+02
2.063488922119140625e+02
2.104872283935546875e+02
2.098045806884765625e+02
2.097605743408203125e+02
2.084327087402343750e+02
2.089089355468750000e+02
2.091224517822265625e+02
2.091847991943359375e+02
2.085649871826171875e+02
2.067276611328125000e+02
2.115344696044921875e+02
2.080490570068359375e+02
2.063428497314453125e+02
2.082397918701171875e+02
2.090404205322265625e+02
2.106070556640625000e+02
2.116616363525390625e+02
2.094984588623046875e+02
2.141704101562500000e+02
2.162764434814453125e+02
2.189980621337890625e+02
2.162893371582031250e+02
2.203593750000000000e+02
2.188315887451171875e+02
2.218231048583984375e+02
2.251733551025390625e+02
2.246150054931640625e+02
2.288752593994140625e+02
2.292205810546875000e+02
2.314263153076171875e+02
2.319370269775390625e+02
2.325470428466796875e+02
2.326188049316406250e+02
2.331065521240234375e+02
2.372506561279296875e+02
2.358418426513671875e+02
2.360675048828125000e+02
2.413551483154296875e+02
2.444908905029296875e+02
2.431806488037109375e+02
2.467203674316406250e+02
2.458875122070312500e+02
2.492628479003906250e+02
2.496923675537109375e+02
2.466255035400390625e+02
2.503504180908203125e+02
2.508731231689453125e+02
2.501855316162109375e+02
2.485747985839843750e+02
2.523209991455078125e+02
2.486497344970703125e+02
2.484883422851562500e+02
2.535267486572265625e+02
2.512068634033203125e+02
2.463833618164062500e+02
2.520633850097656250e+02
2.528910064697265625e+02
2.523521270751953125e+02
2.549999084472656250e+02
2.526250305175781250e+02
2.550000000000000000e+02
2.523522033691406250e+02
2.528910369873046875e+02
2.520634460449218750e+02
2.463833618164062500e+02
2.512069854736328125e+02
2.535266265869140625e+02
2.484882812500000000e+02
2.486498718261718750e+02
2.523209991455078125e+02
2.485747375488281250e+02
2.501854705810546875e+02
2.508730926513671875e+02
2.503504028320312500e+02
2.466253967285156250e+02
2.496924285888671875e+02
2.492629089355468750e+02
2.458875732421875000e+02
2.467204284667968750e+02
2.431807098388671875e+02
2.444908905029296875e+02
2.413550720214843750e+02
2.360675048828125000e+02
2.358418731689453125e+02
2.372506256103515625e+02
2.331064758300781250e+02
2.326186981201171875e+02
2.325469665527343750e+02
2.319371337890625000e+02
2.314262695312500000e+02
2.292206115722656250e+02
2.288752746582031250e+02
2.246149902343750000e+02
2.251733703613281250e+02
2.218231506347656250e+02
2.188316040039062500e+02
2.203594512939453125e+02
2.162894134521484375e+02
2.189980010986328125e+02
2.162764587402343750e+02
2.141705017089843750e+02
2.094984283447265625e+02
2.116616516113281250e+02
2.106070556640625000e+02
2.090404205322265625e+02
2.082397613525390625e+02
2.063428802490234375e+02
2.080491027832031250e+02
2.115344848632812500e+02
2.067277069091796875e+02
2.085649414062500000e+02
2.091847991943359375e+02
2.091225738525390625e+02
2.089088592529296875e+02
2.084327697753906250e+02
2.097606353759765625e+02
2.098044738769531250e+02
2.104872589111328125e+02
2.063488464355468750e+02
2.091389617919921875e+02
2.114665222167968750e+02
2.100309448242187500e+02
2.072599182128906250e+02
2.088552398681640625e+02
2.058352661132812500e+02
2.082233734130859375e+02
2.063236236572265625e+02
2.055521850585937500e+02
2.088885345458984375e+02
2.086297760009765625e+02
2.042694854736328125e+02
2.075468597412109375e+02
2.063478393554687500e+02
2.080417327880859375e+02
2.033840026855468750e+02
2.063680114746093750e+02
2.028107147216796875e+02
2.058628997802734375e+02
2.060370178222656250e+02
2.053422546386718750e+02
2.051228179931640625e+02
2.052566680908203125e+02
2.061479644775390625e+02
2.018639373779296875e+02
2.057720031738281250e+02
2.012279815673828125e+02
2.069133148193359375e+02
2.028391418457031250e+02
2.057081756591796875e+02
2.050000915527343750e+02
2.057583923339843750e+02
2.048729095458984375e+02
2.023510284423828125e+02
2.050994415283203125e+02
2.032305145263671875e+02
2.038670196533203125e+02
2.018782348632812500e+02
2.017898864746093750e+02
2.032804107666015625e+02
2.025680541992187500e+02
2.017986145019531250e+02
2.029148559570312500e+02
2.046843566894531250e+02
