1.526048736572265625e+02
1.500939331054687500e+02
1.523910675048828125e+02
1.517242279052734375e+02
1.533733062744140625e+02
1.559899902343750000e+02
1.501051940917968750e+02
1.548370056152343750e+02
1.609410095214843750e+02
1.548477325439453125e+02
1.605261230468750000e+02
1.532973480224609375e+02
1.583193664550781250e+02
1.578296661376953125e+02
1.634531555175781250e+02
1.640423889160156250e+02
1.642491607666015625e+02
1.636710357666015625e+02
1.583046417236328125e+02
1.655055847167968750e+02
1.692756958007812500e+02
1.709630126953125000e+02
1.690819854736328125e+02
1.686697082519531250e+02
1.691169891357421875e+02
1.713563385009765625e+02
1.714696960449218750e+02
1.619670257568359375e+02
1.720240020751953125e+02
1.618582458496093750e+02
1.716059722900390625e+02
1.696108856201171875e+02
1.670320281982421875e+02
1.639699249267578125e+02
1.629951477050781250e+02
1.597917633056640625e+02
1.574701385498046875e+02
1.594145355224609375e+02
1.543592376708984375e+02
1.573884735107421875e+02
1.491386718750000000e+02
1.543975830078125000e+02
1.497938232421875000e+02
1.557699890136718750e+02
1.569064941406250000e+02
1.513935394287109375e+02
1.557923736572265625e+02
1.623634185791015625e+02
1.665159149169921875e+02
1.637452697753906250e+02
1.632252349853515625e+02
1.673093414306640625e+02
1.724681854248046875e+02
1.757773132324218750e+02
1.786028289794921875e+02
1.742555236816406250e+02
1.783042907714843750e+02
1.823355712890625000e+02
1.809748840332031250e+02
1.829061584472656250e+02
1.773202514648437500e+02
1.764977722167968750e+02
1.832525329589843750e+02
1.731484680175781250e+02
1.786151275634765625e+02
1.753864746093750000e+02
1.746415252685546875e+02
1.769313049316406250e+02
1.693301696777343750e+02
1.784810180664062500e+02
1.775402069091796875e+02
1.794155120849609375e+02
1.746812744140625000e+02
1.735085754394531250e+02
1.768905181884765625e+02
1.680251770019531250e+02
1.711032257080078125e+02
1.661716156005859375e+02
1.694451599121093750e+02
1.790860748291015625e+02
1.755695953369140625e+02
1.744983520507812500e+02
1.776894073486328125e+02
1.746405944824218750e+02
1.817054138183593750e+02
1.755053100585937500e+02
1.822536010742187500e+02
1.868823394775390625e+02
1.825283508300781250e+02
1.882549133300781250e+02
1.901813201904296875e+02
1.914530181884765625e+02
1.945491790771484375e+02
1.943969879150390625e+02
2.010265350341796875e+02
1.946966705322265625e+02
1.930506439208984375e+02
1.978982391357421875e+02
1.956596527099609375e+02
1.990849304199218750e+02
2.112166595458984375e+02
2.122393188476562500e+02
2.166918182373046875e+02
2.233983306884765625e+02
2.223622131347656250e+02
2.255189971923828125e+02
2.349810943603515625e+02
2.312126007080078125e+02
2.262286376953125000e+02
2.300880737304687500e+02
2.413850097656250000e+02
2.397710571289062500e+02
2.378866882324218750e+02
2.349382324218750000e+02
2.309367370605468750e+02
2.367657775878906250e+02
2.413118133544921875e+02
2.462100524902343750e+02
2.464376220703125000e+02
2.410675048828125000e+02
2.476677551269531250e+02
2.462785491943359375e+02
2.380807800292968750e+02
2.366890869140625000e+02
2.442238769531250000e+02
2.398930664062500000e+02
2.550000000000000000e+02
2.398930969238281250e+02
2.442238922119140625e+02
2.366891479492187500e+02
2.380807952880859375e+02
2.462785339355468750e+02
2.476676788330078125e+02
2.410674438476562500e+02
2.464376678466796875e+02
2.462100067138671875e+02
2.413117828369140625e+02
2.367657928466796875e+02
2.309369049072265625e+02
2.349381866455078125e+02
2.378867340087890625e+02
2.397710571289062500e+02
2.413849334716796875e+02
2.300881195068359375e+02
2.262287139892578125e+02
2.312125701904296875e+02
2.349810943603515625e+02
2.255190277099609375e+02
2.223622589111328125e+02
2.233982696533203125e+02
2.166917724609375000e+02
2.122393646240234375e+02
2.112167510986328125e+02
1.990849761962890625e+02
1.956596679687500000e+02
1.978982849121093750e+02
1.930505981445312500e+02
1.946966857910156250e+02
2.010264892578125000e+02
1.943969879150390625e+02
1.945491790771484375e+02
1.914530029296875000e+02
1.901812744140625000e+02
1.882549438476562500e+02
1.825283203125000000e+02
1.868823547363281250e+02
1.822536163330078125e+02
1.755053100585937500e+02
1.817054138183593750e+02
1.746405944824218750e+02
1.776894226074218750e+02
1.744983520507812500e+02
1.755696258544921875e+02
1.790861206054687500e+02
1.694451446533203125e+02
1.661716613769531250e+02
1.711031951904296875e+02
1.680251922607421875e+02
1.768905029296875000e+02
1.735085601806640625e+02
1.746813049316406250e+02
1.794154815673828125e+02
1.775402221679687500e+02
1.784809722900390625e+02
1.693302307128906250e+02
1.769313201904296875e+02
1.746415405273437500e+02
1.753864746093750000e+02
1.786151428222656250e+02
1.731484680175781250e+02
1.832525177001953125e+02
1.764977416992187500e+02
1.773202667236328125e+02
1.829061126708984375e+02
1.809748687744140625e+02
1.823355560302734375e+02
1.783042755126953125e+02
1.742555236816406250e+02
1.786028289794921875e+02
1.757772827148437500e+02
1.724682006835937500e+02
1.673093719482421875e+02
1.632252807617187500e+02
1.637452239990234375e+02
1.665158996582031250e+02
1.623634185791015625e+02
1.557924041748046875e+02
1.513935394287109375e+02
1.569064941406250000e+02
1.557700195312500000e+02
1.497938232421875000e+02
1.543975372314453125e+02
1.491386566162109375e+02
1.573885192871093750e+02
1.543592376708984375e+02
1.594145507812500000e+02
1.574701690673828125e+02
1.597917327880859375e+02
1.629951324462890625e+02
1.639698944091796875e+02
1.670320129394531250e+02
1.696109008789062500e+02
1.716059417724609375e+02
1.618582153320312500e+02
1.720239868164062500e+02
1.619669799804687500e+02
1.714697265625000000e+02
1.713562927246093750e+02
1.691169738769531250e+02
1.686697082519531250e+02
1.690820007324218750e+02
1.709629974365234375e+02
1.692756652832031250e+02
1.655055999755859375e+02
1.583046264648437500e+02
1.636709747314453125e+02
1.642491607666015625e+02
1.640423889160156250e+02
1.634531402587890625e+02
1.578296661376953125e+02
1.583193664550781250e+02
1.532974090576171875e+02
1.605261230468750000e+02
1.548476867675781250e+02
1.609410400390625000e+02
1.548370208740234375e+02
1.501052093505859375e+02
1.559900360107421875e+02
1.533732757568359375e+02
1.517242279052734375e+02
1.523910522460937500e+02
1.500939788818359375e+02
